# Interaction correlation matrix
1.000 0.278 0.873 0.264 0.740 0.583 0.436 0.849 0.261 0.550
0.278 1.000 0.042 0.927 0.555 -0.528 -0.508 0.361 0.882 -0.454
0.873 0.042 1.000 0.053 0.494 0.774 0.452 0.833 -0.010 0.760
0.264 0.927 0.053 1.000 0.464 -0.472 -0.397 0.313 0.844 -0.345
0.740 0.555 0.494 0.464 1.000 0.235 0.370 0.863 0.743 0.294
0.583 -0.528 0.774 -0.472 0.235 1.000 0.826 0.563 -0.392 0.964
0.436 -0.508 0.452 -0.397 0.370 0.826 1.000 0.464 -0.158 0.860
0.849 0.361 0.833 0.313 0.863 0.563 0.464 1.000 0.475 0.623
0.261 0.882 -0.010 0.844 0.743 -0.392 -0.158 0.475 1.000 -0.253
0.550 -0.454 0.760 -0.345 0.294 0.964 0.860 0.623 -0.253 1.000
