dimension,Ψ_I,Ψ_S,Ψ_C,Ψ_K,Ψ_E,Ψ_T,Ψ_M,Ψ_F
Ψ_I,0.000,-0.055,0.038,0.076,-0.045,0.101,0.066,0.140
Ψ_S,-0.055,0.000,0.031,-0.045,-0.053,0.076,0.007,-0.035
Ψ_C,0.038,0.031,0.000,0.096,0.045,0.066,0.076,0.085
Ψ_K,0.076,-0.045,0.096,0.000,-0.075,0.066,0.106,0.095
Ψ_E,-0.045,-0.053,0.045,-0.075,0.000,0.086,0.076,0.025
Ψ_T,0.101,0.076,0.066,0.066,0.086,0.000,0.086,0.105
Ψ_M,0.066,0.007,0.076,0.106,0.076,0.086,0.000,0.116
Ψ_F,0.140,-0.035,0.085,0.095,0.025,0.105,0.116,0.000
